% number of repeats:% 3
% enter first, last, inc:% 48 480 48 
data = [
%  n          reference      |         current implementation 
%        time       GFLOPS   |    time       GFLOPS     diff 
   480 3.9299e-03 5.6282e+01    2.6273e-02 8.4187e+00 5.6214e+144
   432 2.7164e-03 5.9359e+01    1.8562e-02 8.6868e+00 1.8953e+130
   384 1.9609e-03 5.7752e+01    1.3609e-02 8.3216e+00 6.9382e+115
   336 1.2624e-03 6.0099e+01    8.6343e-03 8.7866e+00 2.4168e+101
   288 8.1161e-04 5.8866e+01    5.3610e-03 8.9117e+00 8.3927e+86
   240 4.6563e-04 5.9378e+01    3.0237e-03 9.1437e+00 3.0799e+72
   192 2.4501e-04 5.7776e+01    1.5334e-03 9.2316e+00 1.0374e+58
   144 1.1080e-04 5.3900e+01    5.8422e-04 1.0222e+01 3.7819e+43
    96 3.8161e-05 4.6369e+01    1.6089e-04 1.0998e+01 1.3288e+29
    48 8.2430e-06 2.6833e+01    1.8679e-05 1.1841e+01 4.5029e+14
];

% Maximum difference between reference and your implementation: 5.621412e+144.
