% number of repeats:% 3
% enter first, last, inc:% 48 480 48 
data = [
%  n          reference      |         current implementation 
%        time       GFLOPS   |    time       GFLOPS     diff 
   480 3.8614e-03 5.7281e+01    1.6943e-01 1.3054e+00 5.6214e+144
   432 2.6553e-03 6.0726e+01    1.0297e-01 1.5659e+00 1.8953e+130
   384 1.8419e-03 6.1484e+01    1.7503e-01 6.4701e-01 6.9382e+115
   336 1.2187e-03 6.2249e+01    4.7176e-02 1.6081e+00 2.4168e+101
   288 8.5686e-04 5.5757e+01    3.2395e-02 1.4748e+00 8.3927e+86
   240 4.6022e-04 6.0076e+01    1.4406e-02 1.9192e+00 3.0799e+72
   192 2.4446e-04 5.7906e+01    1.0242e-02 1.3822e+00 1.0374e+58
   144 1.0928e-04 5.4649e+01    2.3651e-03 2.5250e+00 3.7819e+43
    96 3.8258e-05 4.6251e+01    7.4486e-04 2.3756e+00 1.3288e+29
    48 8.1940e-06 2.6993e+01    5.8754e-05 3.7646e+00 4.5029e+14
];

% Maximum difference between reference and your implementation: 5.621412e+144.
