% number of repeats:% 3
% enter first, last, inc:% 48 1488 48 
data = [
%  n          reference      |         current implementation 
%        time       GFLOPS   |    time       GFLOPS     diff 
  1488 1.1664e-01 5.6492e+01    1.7971e-01 3.6667e+01 2.1600e-12
  1440 1.0360e-01 5.7643e+01    1.6419e-01 3.6372e+01 2.1032e-12
  1392 9.3779e-02 5.7523e+01    1.4668e-01 3.6777e+01 1.9327e-12
  1344 8.4973e-02 5.7141e+01    1.4253e-01 3.4065e+01 1.7621e-12
  1296 7.7266e-02 5.6345e+01    1.2044e-01 3.6146e+01 1.8190e-12
  1248 6.7670e-02 5.7448e+01    1.0882e-01 3.5723e+01 1.6485e-12
  1200 5.9921e-02 5.7676e+01    9.5463e-02 3.6202e+01 1.5348e-12
  1152 5.3502e-02 5.7150e+01    9.1336e-02 3.3477e+01 1.3642e-12
  1104 4.7748e-02 5.6362e+01    7.4138e-02 3.6299e+01 1.2506e-12
  1056 4.1276e-02 5.7059e+01    6.3648e-02 3.7003e+01 1.1937e-12
  1008 3.5219e-02 5.8162e+01    5.5100e-02 3.7176e+01 1.0232e-12
   960 3.0799e-02 5.7452e+01    5.1110e-02 3.4621e+01 1.0232e-12
   912 2.6371e-02 5.7530e+01    3.9885e-02 3.8037e+01 1.0800e-12
   864 2.2310e-02 5.7820e+01    3.3811e-02 3.8152e+01 8.5265e-13
   816 1.9115e-02 5.6850e+01    2.8014e-02 3.8791e+01 8.2423e-13
   768 1.5632e-02 5.7957e+01    3.0161e-02 3.0037e+01 7.1054e-13
   720 1.2872e-02 5.7996e+01    1.8927e-02 3.9442e+01 6.8212e-13
   672 1.0550e-02 5.7531e+01    1.5357e-02 3.9521e+01 5.6843e-13
   624 8.6489e-03 5.6185e+01    1.2200e-02 3.9830e+01 5.4001e-13
   576 6.6941e-03 5.7096e+01    1.0462e-02 3.6532e+01 4.8317e-13
   528 5.1755e-03 5.6883e+01    7.2076e-03 4.0845e+01 4.2633e-13
   480 3.8533e-03 5.7401e+01    5.3890e-03 4.1044e+01 3.1264e-13
   432 2.7405e-03 5.8838e+01    3.7688e-03 4.2784e+01 2.7001e-13
   384 1.9842e-03 5.7073e+01    2.9477e-03 3.8418e+01 2.2737e-13
   336 1.3470e-03 5.6321e+01    1.6980e-03 4.4681e+01 1.7053e-13
   288 8.3978e-04 5.6891e+01    1.0529e-03 4.5375e+01 9.9476e-14
   240 4.8407e-04 5.7116e+01    5.6906e-04 4.8585e+01 4.2633e-14
   192 2.5552e-04 5.5401e+01    3.1279e-04 4.5256e+01 2.8422e-14
   144 1.1431e-04 5.2245e+01    1.1686e-04 5.1104e+01 2.8422e-14
    96 3.9906e-05 4.4341e+01    3.3612e-05 5.2644e+01 1.0658e-14
    48 8.6730e-06 2.5503e+01    3.8510e-06 5.7435e+01 5.3291e-15
];

% Maximum difference between reference and your implementation: 2.160050e-12.
