% number of repeats:% 3
% enter first, last, inc:% 48 1488 48 
data = [
%  n          reference      |         current implementation 
%        time       GFLOPS   |    time       GFLOPS     diff 
  1488 1.1590e-01 5.6852e+01    1.8913e-01 3.4840e+01 2.1600e-12
  1440 1.0685e-01 5.5889e+01    1.7499e-01 3.4128e+01 2.1032e-12
  1392 9.5343e-02 5.6579e+01    1.5500e-01 3.4802e+01 1.9327e-12
  1344 8.7454e-02 5.5520e+01    1.5062e-01 3.2236e+01 1.7621e-12
  1296 7.8150e-02 5.5708e+01    1.2406e-01 3.5092e+01 1.8190e-12
  1248 6.8180e-02 5.7018e+01    1.1420e-01 3.4041e+01 1.6485e-12
  1200 6.0697e-02 5.6939e+01    9.8585e-02 3.5056e+01 1.5348e-12
  1152 5.4458e-02 5.6147e+01    9.4948e-02 3.2203e+01 1.3642e-12
  1104 4.7628e-02 5.6503e+01    7.5480e-02 3.5654e+01 1.2506e-12
  1056 4.2671e-02 5.5193e+01    6.8391e-02 3.4437e+01 1.1937e-12
  1008 3.6381e-02 5.6303e+01    5.7577e-02 3.5577e+01 1.0232e-12
   960 3.1191e-02 5.6730e+01    5.4001e-02 3.2768e+01 1.0232e-12
   912 2.7182e-02 5.5812e+01    4.1267e-02 3.6763e+01 1.0800e-12
   864 2.2737e-02 5.6732e+01    3.4958e-02 3.6900e+01 8.5265e-13
   816 1.9223e-02 5.6531e+01    2.8744e-02 3.7805e+01 8.2423e-13
   768 1.5731e-02 5.7592e+01    3.1685e-02 2.8593e+01 7.1054e-13
   720 1.3080e-02 5.7070e+01    1.9342e-02 3.8594e+01 6.8212e-13
   672 1.0790e-02 5.6248e+01    1.5603e-02 3.8898e+01 5.6843e-13
   624 8.5683e-03 5.6714e+01    1.2386e-02 3.9233e+01 5.4001e-13
   576 6.7766e-03 5.6401e+01    1.0525e-02 3.6313e+01 4.8317e-13
   528 5.2683e-03 5.5880e+01    7.3213e-03 4.0211e+01 4.2633e-13
   480 3.8960e-03 5.6772e+01    5.7007e-03 3.8799e+01 3.1264e-13
   432 2.8267e-03 5.7043e+01    3.9242e-03 4.1090e+01 2.7001e-13
   384 1.9838e-03 5.7084e+01    3.0968e-03 3.6568e+01 2.2737e-13
   336 1.3228e-03 5.7352e+01    1.8234e-03 4.1607e+01 1.7053e-13
   288 8.6216e-04 5.5414e+01    1.1116e-03 4.2978e+01 9.9476e-14
   240 4.9061e-04 5.6355e+01    6.1500e-04 4.4956e+01 4.2633e-14
   192 2.5937e-04 5.4578e+01    3.3987e-04 4.1650e+01 2.8422e-14
   144 1.1603e-04 5.1467e+01    1.3205e-04 4.5226e+01 2.8422e-14
    96 4.0087e-05 4.4141e+01    3.5665e-05 4.9614e+01 1.0658e-14
    48 8.6600e-06 2.5541e+01    4.2840e-06 5.1630e+01 5.3291e-15
];

% Maximum difference between reference and your implementation: 2.160050e-12.
