% number of repeats:% 3
% enter first, last, inc:% 48 480 48 
data = [
%  n          reference      |         current implementation 
%        time       GFLOPS   |    time       GFLOPS     diff 
   480 4.0030e-03 5.5255e+01    1.1020e-01 2.0072e+00 3.5527e-13
   432 2.8963e-03 5.5672e+01    7.6649e-02 2.1037e+00 3.1264e-13
   384 1.9992e-03 5.6645e+01    7.0214e-02 1.6129e+00 1.9895e-13
   336 1.3467e-03 5.6334e+01    3.5648e-02 2.1282e+00 1.7053e-13
   288 8.7205e-04 5.4785e+01    2.2250e-02 2.1472e+00 1.1369e-13
   240 4.9703e-04 5.5627e+01    1.2739e-02 2.1704e+00 4.2633e-14
   192 2.6531e-04 5.3355e+01    6.7836e-03 2.0868e+00 2.8422e-14
   144 1.1739e-04 5.0874e+01    2.5781e-03 2.3164e+00 2.8422e-14
    96 4.1290e-05 4.2855e+01    7.3453e-04 2.4090e+00 1.4211e-14
    48 8.8510e-06 2.4990e+01    6.9414e-05 3.1864e+00 7.1054e-15
];

% Maximum difference between reference and your implementation: 3.552714e-13.
