% number of repeats:% 3
% enter first, last, inc:% 48 1488 48 
data = [
%  n          reference      |         current implementation 
%        time       GFLOPS   |    time       GFLOPS     diff 
  1488 1.1471e-01 5.7442e+01    1.8203e-01 3.6198e+01 2.1600e-12
  1440 1.0497e-01 5.6894e+01    1.6529e-01 3.6130e+01 2.1032e-12
  1392 9.5231e-02 5.6646e+01    1.4818e-01 3.6406e+01 1.9327e-12
  1344 8.6546e-02 5.6102e+01    1.4548e-01 3.3376e+01 1.7621e-12
  1296 7.8997e-02 5.5110e+01    1.2224e-01 3.5614e+01 1.8190e-12
  1248 6.8982e-02 5.6356e+01    1.0949e-01 3.5505e+01 1.6485e-12
  1200 6.1444e-02 5.6246e+01    9.5850e-02 3.6056e+01 1.5348e-12
  1152 5.3992e-02 5.6632e+01    9.3253e-02 3.2789e+01 1.3642e-12
  1104 4.7537e-02 5.6612e+01    7.3682e-02 3.6524e+01 1.2506e-12
  1056 4.1943e-02 5.6152e+01    6.4835e-02 3.6326e+01 1.1937e-12
  1008 3.6108e-02 5.6729e+01    5.5296e-02 3.7044e+01 1.0232e-12
   960 3.1183e-02 5.6745e+01    5.1761e-02 3.4185e+01 1.0232e-12
   912 2.6649e-02 5.6928e+01    4.1589e-02 3.6478e+01 1.0800e-12
   864 2.2805e-02 5.6563e+01    3.5198e-02 3.6648e+01 8.5265e-13
   816 1.9596e-02 5.5454e+01    2.9382e-02 3.6985e+01 8.2423e-13
   768 1.5970e-02 5.6730e+01    3.1567e-02 2.8700e+01 7.1054e-13
   720 1.3217e-02 5.6482e+01    1.9579e-02 3.8128e+01 6.8212e-13
   672 1.0893e-02 5.5715e+01    1.6043e-02 3.7832e+01 5.6843e-13
   624 8.8333e-03 5.5012e+01    1.2331e-02 3.9408e+01 5.4001e-13
   576 6.8341e-03 5.5927e+01    1.0682e-02 3.5779e+01 4.8317e-13
   528 5.3808e-03 5.4712e+01    7.4024e-03 3.9770e+01 4.2633e-13
   480 3.8232e-03 5.7853e+01    5.4665e-03 4.0462e+01 3.1264e-13
   432 2.7634e-03 5.8350e+01    3.8238e-03 4.2168e+01 2.7001e-13
   384 2.0166e-03 5.6156e+01    3.1276e-03 3.6208e+01 2.2737e-13
   336 1.3681e-03 5.5452e+01    1.7209e-03 4.4084e+01 1.7053e-13
   288 8.5545e-04 5.5849e+01    1.0608e-03 4.5039e+01 9.9476e-14
   240 4.9617e-04 5.5723e+01    5.9562e-04 4.6419e+01 4.2633e-14
   192 2.6040e-04 5.4362e+01    3.3723e-04 4.1977e+01 2.8422e-14
   144 1.1553e-04 5.1691e+01    1.1892e-04 5.0220e+01 2.8422e-14
    96 4.0084e-05 4.4144e+01    3.3592e-05 5.2675e+01 1.0658e-14
    48 8.5230e-06 2.5951e+01    3.8480e-06 5.7480e+01 5.3291e-15
];

% Maximum difference between reference and your implementation: 2.160050e-12.
