% number of repeats:% 3
% enter first, last, inc:% 48 1488 48 
data = [
%  n          reference      |         current implementation 
%        time       GFLOPS   |    time       GFLOPS     diff 
  1488 1.1201e-01 5.8826e+01    2.0849e-01 3.1605e+01 2.1600e-12
  1440 1.0330e-01 5.7811e+01    1.9711e-01 3.0297e+01 2.1032e-12
  1392 9.2911e-02 5.8061e+01    1.7828e-01 3.0258e+01 1.9327e-12
  1344 8.4969e-02 5.7143e+01    1.5944e-01 3.0453e+01 1.7621e-12
  1296 7.5565e-02 5.7613e+01    1.4121e-01 3.0832e+01 1.8190e-12
  1248 6.7250e-02 5.7807e+01    1.2518e-01 3.1056e+01 1.6485e-12
  1200 5.9472e-02 5.8112e+01    1.1275e-01 3.0653e+01 1.5348e-12
  1152 5.2670e-02 5.8053e+01    9.9795e-02 3.0639e+01 1.3642e-12
  1104 4.6413e-02 5.7983e+01    8.6960e-02 3.0947e+01 1.2506e-12
  1056 4.1153e-02 5.7230e+01    7.4525e-02 3.1602e+01 1.1937e-12
  1008 3.5204e-02 5.8186e+01    6.5029e-02 3.1500e+01 1.0232e-12
   960 3.0504e-02 5.8007e+01    5.5614e-02 3.1817e+01 1.0232e-12
   912 2.6154e-02 5.8007e+01    4.7517e-02 3.1927e+01 1.0800e-12
   864 2.2394e-02 5.7601e+01    3.9851e-02 3.2369e+01 8.5265e-13
   816 1.8886e-02 5.7537e+01    3.3701e-02 3.2244e+01 8.2423e-13
   768 1.5528e-02 5.8344e+01    2.8170e-02 3.2161e+01 7.1054e-13
   720 1.2924e-02 5.7761e+01    2.3006e-02 3.2447e+01 6.8212e-13
   672 1.0563e-02 5.7456e+01    1.8746e-02 3.2377e+01 5.6843e-13
   624 8.5448e-03 5.6870e+01    1.4925e-02 3.2559e+01 5.4001e-13
   576 6.6889e-03 5.7140e+01    1.1658e-02 3.2783e+01 4.8317e-13
   528 5.2518e-03 5.6056e+01    8.9603e-03 3.2856e+01 4.2633e-13
   480 3.7452e-03 5.9058e+01    6.7054e-03 3.2986e+01 3.1264e-13
   432 2.7386e-03 5.8878e+01    5.9659e-03 2.7027e+01 2.7001e-13
   384 2.2674e-03 4.9945e+01    3.4836e-03 3.2508e+01 2.2737e-13
   336 1.3037e-03 5.8194e+01    2.3392e-03 3.2432e+01 1.7053e-13
   288 8.4221e-04 5.6727e+01    1.4790e-03 3.2303e+01 9.9476e-14
   240 4.8620e-04 5.6865e+01    8.6368e-04 3.2012e+01 4.2633e-14
   192 2.5557e-04 5.5388e+01    4.4276e-04 3.1971e+01 2.8422e-14
   144 1.1436e-04 5.2223e+01    1.8924e-04 3.1558e+01 2.8422e-14
    96 3.9598e-05 4.4686e+01    5.8010e-05 3.0503e+01 1.0658e-14
    48 8.6950e-06 2.5438e+01    7.6590e-06 2.8879e+01 5.3291e-15
];

% Maximum difference between reference and your implementation: 2.160050e-12.
