% number of repeats:% 3
% enter first, last, inc:% 48 1488 48 
data = [
%  n          reference      |         current implementation 
%        time       GFLOPS   |    time       GFLOPS     diff 
  1488 1.1176e-01 5.8960e+01    1.7640e-01 3.7353e+01 2.1600e-12
  1440 1.0218e-01 5.8446e+01    1.6058e-01 3.7190e+01 2.1032e-12
  1392 9.1376e-02 5.9036e+01    1.4484e-01 3.7243e+01 1.9327e-12
  1344 8.4392e-02 5.7534e+01    1.2968e-01 3.7443e+01 1.7621e-12
  1296 7.4105e-02 5.8749e+01    1.1717e-01 3.7157e+01 1.8190e-12
  1248 6.6655e-02 5.8323e+01    1.0289e-01 3.7785e+01 1.6485e-12
  1200 5.8804e-02 5.8772e+01    9.2745e-02 3.7263e+01 1.5348e-12
  1152 5.2292e-02 5.8473e+01    8.0125e-02 3.8161e+01 1.3642e-12
  1104 4.6020e-02 5.8478e+01    7.0456e-02 3.8196e+01 1.2506e-12
  1056 4.0582e-02 5.8035e+01    6.1589e-02 3.8240e+01 1.1937e-12
  1008 3.4481e-02 5.9407e+01    5.2864e-02 3.8748e+01 1.0232e-12
   960 3.0246e-02 5.8503e+01    4.5611e-02 3.8794e+01 1.0232e-12
   912 2.5981e-02 5.8393e+01    3.8282e-02 3.9629e+01 1.0800e-12
   864 2.2322e-02 5.7789e+01    3.2345e-02 3.9881e+01 8.5265e-13
   816 1.8942e-02 5.7368e+01    2.6799e-02 4.0549e+01 8.2423e-13
   768 1.5850e-02 5.7160e+01    2.2387e-02 4.0469e+01 7.1054e-13
   720 1.3026e-02 5.7308e+01    1.8389e-02 4.0595e+01 6.8212e-13
   672 1.0624e-02 5.7127e+01    1.4852e-02 4.0864e+01 5.6843e-13
   624 8.4211e-03 5.7705e+01    1.1785e-02 4.1235e+01 5.4001e-13
   576 7.1076e-03 5.3774e+01    9.0491e-03 4.2237e+01 4.8317e-13
   528 5.3160e-03 5.5379e+01    7.1259e-03 4.1313e+01 4.2633e-13
   480 3.9351e-03 5.6208e+01    5.3145e-03 4.1619e+01 3.1264e-13
   432 2.8936e-03 5.5723e+01    3.8978e-03 4.1368e+01 2.7001e-13
   384 2.1148e-03 5.3550e+01    2.7471e-03 4.1224e+01 2.2737e-13
   336 1.3940e-03 5.4423e+01    1.8079e-03 4.1963e+01 1.7053e-13
   288 8.9183e-04 5.3571e+01    1.1530e-03 4.1437e+01 9.9476e-14
   240 5.0028e-04 5.5265e+01    6.5913e-04 4.1946e+01 4.2633e-14
   192 2.5901e-04 5.4653e+01    3.3331e-04 4.2470e+01 2.8422e-14
   144 1.1575e-04 5.1596e+01    1.3890e-04 4.2993e+01 2.8422e-14
    96 4.0723e-05 4.3451e+01    4.0814e-05 4.3355e+01 1.0658e-14
    48 9.3430e-06 2.3674e+01    5.0680e-06 4.3643e+01 5.3291e-15
];

% Maximum difference between reference and your implementation: 2.160050e-12.
