% number of repeats:% 3
% enter first, last, inc:% 48 1488 48 
data = [
%  n          reference      |         current implementation 
%        time       GFLOPS   |    time       GFLOPS     diff 
  1488 1.1979e-01 5.5007e+01    2.7301e-01 2.4135e+01 2.1600e-12
  1440 1.0992e-01 5.4330e+01    2.5242e-01 2.3659e+01 2.1032e-12
  1392 9.8646e-02 5.4685e+01    2.2563e-01 2.3908e+01 1.9327e-12
  1344 8.9047e-02 5.4527e+01    2.2603e-01 2.1481e+01 1.7621e-12
  1296 8.0481e-02 5.4095e+01    1.8132e-01 2.4010e+01 1.8190e-12
  1248 7.0602e-02 5.5062e+01    1.6522e-01 2.3529e+01 1.6485e-12
  1200 6.3077e-02 5.4790e+01    1.4487e-01 2.3856e+01 1.5348e-12
  1152 5.5393e-02 5.5199e+01    1.4716e-01 2.0778e+01 1.3642e-12
  1104 4.8836e-02 5.5106e+01    1.1158e-01 2.4118e+01 1.2506e-12
  1056 4.3360e-02 5.4317e+01    1.0198e-01 2.3095e+01 1.1937e-12
  1008 3.7471e-02 5.4666e+01    8.6186e-02 2.3767e+01 1.0232e-12
   960 3.2815e-02 5.3923e+01    8.1480e-02 2.1717e+01 1.0232e-12
   912 2.7175e-02 5.5826e+01    6.2400e-02 2.4312e+01 1.0800e-12
   864 2.4290e-02 5.3105e+01    5.4560e-02 2.3643e+01 8.5265e-13
   816 1.9589e-02 5.5475e+01    4.3912e-02 2.4747e+01 8.2423e-13
   768 1.6561e-02 5.4704e+01    4.8214e-02 1.8791e+01 7.1054e-13
   720 1.3450e-02 5.5500e+01    3.0533e-02 2.4449e+01 6.8212e-13
   672 1.0731e-02 5.6557e+01    2.5740e-02 2.3579e+01 5.6843e-13
   624 8.6195e-03 5.6377e+01    1.9334e-02 2.5134e+01 5.4001e-13
   576 6.7317e-03 5.6777e+01    1.6583e-02 2.3049e+01 4.8317e-13
   528 5.2550e-03 5.6022e+01    1.1466e-02 2.5676e+01 4.2633e-13
   480 3.9476e-03 5.6030e+01    8.7008e-03 2.5421e+01 3.1264e-13
   432 2.7390e-03 5.8870e+01    6.0420e-03 2.6687e+01 2.7001e-13
   384 1.9753e-03 5.7331e+01    4.9041e-03 2.3092e+01 2.2737e-13
   336 1.3169e-03 5.7612e+01    2.7641e-03 2.7447e+01 1.7053e-13
   288 8.4794e-04 5.6344e+01    1.7310e-03 2.7600e+01 9.9476e-14
   240 4.8761e-04 5.6702e+01    9.5639e-04 2.8909e+01 4.2633e-14
   192 3.5007e-04 4.0437e+01    5.4075e-04 2.6178e+01 2.8422e-14
   144 1.1605e-04 5.1462e+01    2.0033e-04 2.9811e+01 2.8422e-14
    96 4.0278e-05 4.3931e+01    5.9067e-05 2.9957e+01 1.0658e-14
    48 8.6490e-06 2.5573e+01    6.6780e-06 3.3121e+01 5.3291e-15
];

% Maximum difference between reference and your implementation: 2.160050e-12.
