% number of repeats:% 3
% enter first, last, inc:% 48 1488 48 
data = [
%  n          reference      |         current implementation 
%        time       GFLOPS   |    time       GFLOPS     diff 
  1488 1.1374e-01 5.7934e+01    1.8068e-01 3.6469e+01 2.1600e-12
  1440 1.0309e-01 5.7932e+01    1.6280e-01 3.6683e+01 2.1032e-12
  1392 9.3123e-02 5.7928e+01    1.4635e-01 3.6859e+01 1.9327e-12
  1344 8.7676e-02 5.5379e+01    1.4440e-01 3.3626e+01 1.7621e-12
  1296 7.6707e-02 5.6756e+01    1.1887e-01 3.6624e+01 1.8190e-12
  1248 6.8477e-02 5.6771e+01    1.1116e-01 3.4971e+01 1.6485e-12
  1200 6.0067e-02 5.7536e+01    9.3681e-02 3.6891e+01 1.5348e-12
  1152 5.3939e-02 5.6688e+01    9.3620e-02 3.2660e+01 1.3642e-12
  1104 4.7168e-02 5.7055e+01    7.2708e-02 3.7013e+01 1.2506e-12
  1056 4.1891e-02 5.6221e+01    6.4315e-02 3.6619e+01 1.1937e-12
  1008 3.6904e-02 5.5506e+01    5.4986e-02 3.7253e+01 1.0232e-12
   960 3.1266e-02 5.6595e+01    5.1689e-02 3.4233e+01 1.0232e-12
   912 2.6903e-02 5.6392e+01    4.0423e-02 3.7530e+01 1.0800e-12
   864 2.3018e-02 5.6040e+01    3.4125e-02 3.7800e+01 8.5265e-13
   816 1.9620e-02 5.5387e+01    2.8246e-02 3.8472e+01 8.2423e-13
   768 1.6129e-02 5.6172e+01    3.1665e-02 2.8611e+01 7.1054e-13
   720 1.3546e-02 5.5109e+01    1.9422e-02 3.8435e+01 6.8212e-13
   672 1.0893e-02 5.5719e+01    1.5667e-02 3.8739e+01 5.6843e-13
   624 8.7196e-03 5.5730e+01    1.2386e-02 3.9234e+01 5.4001e-13
   576 6.8601e-03 5.5715e+01    1.0365e-02 3.6874e+01 4.8317e-13
   528 5.4914e-03 5.3610e+01    7.2479e-03 4.0618e+01 4.2633e-13
   480 3.9453e-03 5.6063e+01    5.5731e-03 3.9688e+01 3.1264e-13
   432 2.8315e-03 5.6947e+01    3.9008e-03 4.1336e+01 2.7001e-13
   384 1.9903e-03 5.6900e+01    3.0535e-03 3.7088e+01 2.2737e-13
   336 1.3359e-03 5.6790e+01    1.7793e-03 4.2638e+01 1.7053e-13
   288 8.6476e-04 5.5247e+01    1.0798e-03 4.4247e+01 9.9476e-14
   240 4.9711e-04 5.5617e+01    5.8118e-04 4.7572e+01 4.2633e-14
   192 2.6205e-04 5.4020e+01    3.2308e-04 4.3814e+01 2.8422e-14
   144 1.1693e-04 5.1074e+01    1.1821e-04 5.0520e+01 2.8422e-14
    96 4.0235e-05 4.3978e+01    3.3592e-05 5.2675e+01 1.0658e-14
    48 8.5580e-06 2.5845e+01    3.8490e-06 5.7465e+01 5.3291e-15
];

% Maximum difference between reference and your implementation: 2.160050e-12.
