% number of repeats:% 3
% enter first, last, inc:% 48 1488 48 
data = [
%  n          reference      |         current implementation 
%        time       GFLOPS   |    time       GFLOPS     diff 
  1488 1.1965e-01 5.5072e+01    7.0031e-01 9.4091e+00 2.1600e-12
  1440 1.0955e-01 5.4515e+01    6.2636e-01 9.5344e+00 2.1032e-12
  1392 1.0077e-01 5.3533e+01    5.4382e-01 9.9195e+00 1.9327e-12
  1344 9.0474e-02 5.3666e+01    4.8612e-01 9.9880e+00 1.7621e-12
  1296 8.1196e-02 5.3618e+01    3.9315e-01 1.1074e+01 1.8190e-12
  1248 7.1444e-02 5.4414e+01    3.3205e-01 1.1708e+01 1.6485e-12
  1200 6.3797e-02 5.4172e+01    2.6887e-01 1.2854e+01 1.5348e-12
  1152 5.7282e-02 5.3379e+01    2.1366e-01 1.4311e+01 1.3642e-12
  1104 4.9306e-02 5.4580e+01    1.8247e-01 1.4748e+01 1.2506e-12
  1056 4.2948e-02 5.4838e+01    1.4594e-01 1.6138e+01 1.1937e-12
  1008 3.7785e-02 5.4212e+01    1.1475e-01 1.7851e+01 1.0232e-12
   960 3.1672e-02 5.5868e+01    9.3285e-02 1.8968e+01 1.0232e-12
   912 2.8542e-02 5.3152e+01    7.0296e-02 2.1582e+01 1.0800e-12
   864 2.2869e-02 5.6406e+01    5.8191e-02 2.2167e+01 8.5265e-13
   816 1.9481e-02 5.5783e+01    4.5937e-02 2.3656e+01 8.2423e-13
   768 1.6079e-02 5.6345e+01    4.5305e-02 1.9997e+01 7.1054e-13
   720 1.3288e-02 5.6178e+01    3.0032e-02 2.4857e+01 6.8212e-13
   672 1.1135e-02 5.4509e+01    2.4142e-02 2.5140e+01 5.6843e-13
   624 8.7764e-03 5.5369e+01    1.7590e-02 2.7627e+01 5.4001e-13
   576 6.8152e-03 5.6081e+01    1.5681e-02 2.4373e+01 4.8317e-13
   528 5.2735e-03 5.5826e+01    1.0155e-02 2.8990e+01 4.2633e-13
   480 4.4862e-03 4.9303e+01    7.5913e-03 2.9136e+01 3.1264e-13
   432 2.7651e-03 5.8314e+01    5.2802e-03 3.0537e+01 2.7001e-13
   384 1.9872e-03 5.6987e+01    5.0385e-03 2.2476e+01 2.2737e-13
   336 1.3335e-03 5.6891e+01    2.3361e-03 3.2475e+01 1.7053e-13
   288 8.6073e-04 5.5506e+01    1.4765e-03 3.2357e+01 9.9476e-14
   240 4.9357e-04 5.6016e+01    8.4825e-04 3.2594e+01 4.2633e-14
   192 2.6315e-04 5.3794e+01    3.9258e-04 3.6058e+01 2.8422e-14
   144 1.1760e-04 5.0780e+01    1.2262e-04 4.8701e+01 2.8422e-14
    96 4.0740e-05 4.3433e+01    3.3544e-05 5.2751e+01 1.0658e-14
    48 8.7500e-06 2.5278e+01    3.8830e-06 5.6962e+01 5.3291e-15
];

% Maximum difference between reference and your implementation: 2.160050e-12.
