% number of repeats:% 3
% enter first, last, inc:% 48 1488 48 
data = [
%  n          reference      |         current implementation 
%        time       GFLOPS   |    time       GFLOPS     diff 
  1488 1.1654e-01 5.6541e+01    1.8674e-01 3.5286e+01 2.1600e-12
  1440 1.0623e-01 5.6215e+01    1.6808e-01 3.5531e+01 2.1032e-12
  1392 9.6077e-02 5.6147e+01    1.5183e-01 3.5530e+01 1.9327e-12
  1344 8.6955e-02 5.5839e+01    1.4730e-01 3.2963e+01 1.7621e-12
  1296 7.8257e-02 5.5632e+01    1.2234e-01 3.5587e+01 1.8190e-12
  1248 6.8736e-02 5.6558e+01    1.0914e-01 3.5620e+01 1.6485e-12
  1200 6.0990e-02 5.6665e+01    9.6652e-02 3.5757e+01 1.5348e-12
  1152 5.4148e-02 5.6469e+01    9.2618e-02 3.3014e+01 1.3642e-12
  1104 4.7845e-02 5.6247e+01    7.4933e-02 3.5914e+01 1.2506e-12
  1056 4.2156e-02 5.5867e+01    6.5941e-02 3.5716e+01 1.1937e-12
  1008 3.6535e-02 5.6066e+01    5.5504e-02 3.6905e+01 1.0232e-12
   960 3.1395e-02 5.6361e+01    5.2636e-02 3.3617e+01 1.0232e-12
   912 2.7109e-02 5.5963e+01    4.1039e-02 3.6967e+01 1.0800e-12
   864 2.3255e-02 5.5469e+01    3.4972e-02 3.6885e+01 8.5265e-13
   816 1.9627e-02 5.5367e+01    2.8689e-02 3.7878e+01 8.2423e-13
   768 1.6032e-02 5.6510e+01    3.1559e-02 2.8708e+01 7.1054e-13
   720 1.3514e-02 5.5237e+01    1.9403e-02 3.8473e+01 6.8212e-13
   672 1.0954e-02 5.5405e+01    1.5761e-02 3.8509e+01 5.6843e-13
   624 8.7083e-03 5.5802e+01    1.2261e-02 3.9634e+01 5.4001e-13
   576 6.8796e-03 5.5556e+01    1.0680e-02 3.5788e+01 4.8317e-13
   528 5.3206e-03 5.5331e+01    7.3057e-03 4.0297e+01 4.2633e-13
   480 3.7644e-03 5.8757e+01    5.3850e-03 4.1074e+01 3.1264e-13
   432 2.8481e-03 5.6615e+01    3.8026e-03 4.2403e+01 2.7001e-13
   384 1.9369e-03 5.8468e+01    3.0566e-03 3.7050e+01 2.2737e-13
   336 1.3146e-03 5.7710e+01    1.7331e-03 4.3774e+01 1.7053e-13
   288 8.4699e-04 5.6406e+01    1.0818e-03 4.4162e+01 9.9476e-14
   240 4.8539e-04 5.6960e+01    5.8889e-04 4.6949e+01 4.2633e-14
   192 2.5807e-04 5.4852e+01    3.1177e-04 4.5405e+01 2.8422e-14
   144 1.1494e-04 5.1955e+01    1.2200e-04 4.8951e+01 2.8422e-14
    96 4.0027e-05 4.4207e+01    3.4998e-05 5.0559e+01 1.0658e-14
    48 8.6050e-06 2.5704e+01    4.2850e-06 5.1618e+01 5.3291e-15
];

% Maximum difference between reference and your implementation: 2.160050e-12.
