% number of repeats:% 3
% enter first, last, inc:% 48 1488 48 
data = [
%  n          reference      |         current implementation 
%        time       GFLOPS   |    time       GFLOPS     diff 
  1488 1.0983e-01 5.9994e+01    1.7180e-01 3.8354e+01 2.1600e-12
  1440 9.9969e-02 5.9738e+01    1.4878e-01 4.0140e+01 2.1032e-12
  1392 9.1563e-02 5.8915e+01    1.3577e-01 3.9734e+01 1.9327e-12
  1344 8.3017e-02 5.8487e+01    1.2818e-01 3.7880e+01 1.7621e-12
  1296 7.4886e-02 5.8136e+01    1.1146e-01 3.9059e+01 1.8190e-12
  1248 6.6464e-02 5.8491e+01    9.7024e-02 4.0068e+01 1.6485e-12
  1200 5.8663e-02 5.8913e+01    8.6575e-02 3.9919e+01 1.5348e-12
  1152 5.2582e-02 5.8150e+01    8.6899e-02 3.5186e+01 1.3642e-12
  1104 4.5492e-02 5.9156e+01    6.3446e-02 4.2417e+01 1.2506e-12
  1056 3.9915e-02 5.9005e+01    5.5976e-02 4.2075e+01 1.1937e-12
  1008 3.4520e-02 5.9338e+01    4.9100e-02 4.1719e+01 1.0232e-12
   960 2.9709e-02 5.9560e+01    4.2362e-02 4.1771e+01 1.0232e-12
   912 2.6032e-02 5.8278e+01    3.8303e-02 3.9608e+01 1.0800e-12
   864 2.2105e-02 5.8356e+01    3.0068e-02 4.2901e+01 8.5265e-13
   816 1.8303e-02 5.9373e+01    2.5310e-02 4.2935e+01 8.2423e-13
   768 1.5174e-02 5.9703e+01    2.3717e-02 3.8199e+01 7.1054e-13
   720 1.2915e-02 5.7801e+01    1.7209e-02 4.3379e+01 6.8212e-13
   672 1.0227e-02 5.9345e+01    1.3969e-02 4.3448e+01 5.6843e-13
   624 8.2980e-03 5.8561e+01    1.1010e-02 4.4138e+01 5.4001e-13
   576 6.5147e-03 5.8669e+01    8.7827e-03 4.3518e+01 4.8317e-13
   528 4.9911e-03 5.8984e+01    6.1074e-03 4.8203e+01 4.2633e-13
   480 3.5927e-03 6.1565e+01    4.7765e-03 4.6307e+01 3.1264e-13
   432 2.5970e-03 6.2087e+01    3.4301e-03 4.7008e+01 2.7001e-13
   384 1.8508e-03 6.1189e+01    2.6960e-03 4.2005e+01 2.2737e-13
   336 1.2537e-03 6.0515e+01    1.5821e-03 4.7952e+01 1.7053e-13
   288 8.4505e-04 5.6536e+01    1.0013e-03 4.7715e+01 9.9476e-14
   240 4.7421e-04 5.8303e+01    5.4837e-04 5.0418e+01 4.2633e-14
   192 2.4713e-04 5.7281e+01    2.8244e-04 5.0120e+01 2.8422e-14
   144 1.1050e-04 5.4047e+01    1.1672e-04 5.1163e+01 2.8422e-14
    96 3.8190e-05 4.6333e+01    3.3444e-05 5.2909e+01 1.0658e-14
    48 8.2820e-06 2.6707e+01    3.7730e-06 5.8623e+01 5.3291e-15
];

% Maximum difference between reference and your implementation: 2.160050e-12.
