% number of repeats:% 3
% enter first, last, inc:% 48 1488 48 
data = [
%  n          reference      |         current implementation 
%        time       GFLOPS   |    time       GFLOPS     diff 
  1488 1.1417e-01 5.7717e+01    1.4862e-01 4.4338e+01 2.1600e-12
  1440 1.0434e-01 5.7238e+01    1.3404e-01 4.4553e+01 2.1032e-12
  1392 9.4420e-02 5.7133e+01    1.2003e-01 4.4943e+01 1.9327e-12
  1344 8.6038e-02 5.6434e+01    1.0470e-01 4.6374e+01 1.7621e-12
  1296 7.6887e-02 5.6623e+01    9.3972e-02 4.6329e+01 1.8190e-12
  1248 6.6501e-02 5.8458e+01    8.2639e-02 4.7042e+01 1.6485e-12
  1200 5.8773e-02 5.8803e+01    7.3132e-02 4.7257e+01 1.5348e-12
  1152 5.2825e-02 5.7883e+01    6.6559e-02 4.5939e+01 1.3642e-12
  1104 4.6180e-02 5.8275e+01    5.8272e-02 4.6182e+01 1.2506e-12
  1056 4.2389e-02 5.5561e+01    4.8315e-02 4.8746e+01 1.1937e-12
  1008 3.5458e-02 5.7769e+01    4.0888e-02 5.0098e+01 1.0232e-12
   960 3.1102e-02 5.6892e+01    3.5948e-02 4.9224e+01 1.0232e-12
   912 2.6268e-02 5.7754e+01    2.9432e-02 5.1545e+01 1.0800e-12
   864 2.2766e-02 5.6661e+01    2.5111e-02 5.1369e+01 8.5265e-13
   816 1.9038e-02 5.7080e+01    2.2730e-02 4.7807e+01 8.2423e-13
   768 1.5649e-02 5.7893e+01    1.8225e-02 4.9711e+01 7.1054e-13
   720 1.2746e-02 5.8568e+01    1.4862e-02 5.0228e+01 6.8212e-13
   672 1.0537e-02 5.7598e+01    1.1777e-02 5.1534e+01 5.6843e-13
   624 8.5025e-03 5.7153e+01    9.3297e-03 5.2086e+01 5.4001e-13
   576 6.8082e-03 5.6139e+01    7.3099e-03 5.2286e+01 4.8317e-13
   528 5.1948e-03 5.6672e+01    5.9089e-03 4.9822e+01 4.2633e-13
   480 3.7296e-03 5.9306e+01    4.5984e-03 4.8100e+01 3.1264e-13
   432 2.8638e-03 5.6303e+01    3.1125e-03 5.1805e+01 2.7001e-13
   384 2.0349e-03 5.5653e+01    2.1867e-03 5.1789e+01 2.2737e-13
   336 1.3056e-03 5.8110e+01    1.4692e-03 5.1638e+01 1.7053e-13
   288 8.4168e-04 5.6762e+01    9.3878e-04 5.0891e+01 9.9476e-14
   240 4.7987e-04 5.7615e+01    5.4629e-04 5.0610e+01 4.2633e-14
   192 2.5599e-04 5.5298e+01    2.8549e-04 4.9584e+01 2.8422e-14
   144 1.1430e-04 5.2249e+01    1.2455e-04 4.7950e+01 2.8422e-14
    96 3.9744e-05 4.4522e+01    3.9236e-05 4.5098e+01 1.0658e-14
    48 8.5550e-06 2.5854e+01    5.3290e-06 4.1506e+01 5.3291e-15
];

% Maximum difference between reference and your implementation: 2.160050e-12.
