% number of repeats:% 3
% enter first, last, inc:% 48 1488 48 
data = [
%  n          reference      |         current implementation 
%        time       GFLOPS   |    time       GFLOPS     diff 
  1488 1.1631e-01 5.6655e+01    2.6506e-01 2.4860e+01 2.1600e-12
  1440 1.0679e-01 5.5925e+01    2.3527e-01 2.5383e+01 2.1032e-12
  1392 9.7870e-02 5.5119e+01    2.1017e-01 2.5667e+01 1.9327e-12
  1344 9.3027e-02 5.2194e+01    2.0065e-01 2.4198e+01 1.7621e-12
  1296 7.9983e-02 5.4431e+01    1.7366e-01 2.5069e+01 1.8190e-12
  1248 6.9443e-02 5.5982e+01    1.4511e-01 2.6791e+01 1.6485e-12
  1200 5.7462e-02 6.0144e+01    1.2624e-01 2.7377e+01 1.5348e-12
  1152 5.2247e-02 5.8523e+01    1.3119e-01 2.3307e+01 1.3642e-12
  1104 4.6996e-02 5.7263e+01    1.0104e-01 2.6633e+01 1.2506e-12
  1056 4.1632e-02 5.6571e+01    8.9717e-02 2.6251e+01 1.1937e-12
  1008 3.5699e-02 5.7380e+01    7.7254e-02 2.6515e+01 1.0232e-12
   960 3.0994e-02 5.7090e+01    6.6565e-02 2.6583e+01 1.0232e-12
   912 3.1534e-02 4.8109e+01    6.2642e-02 2.4218e+01 1.0800e-12
   864 2.3318e-02 5.5319e+01    5.0453e-02 2.5568e+01 8.5265e-13
   816 1.9782e-02 5.4932e+01    4.3476e-02 2.4995e+01 8.2423e-13
   768 1.5939e-02 5.6840e+01    4.0742e-02 2.2237e+01 7.1054e-13
   720 1.3500e-02 5.5298e+01    2.8608e-02 2.6094e+01 6.8212e-13
   672 1.0706e-02 5.6692e+01    2.3349e-02 2.5994e+01 5.6843e-13
   624 8.7118e-03 5.5780e+01    1.8205e-02 2.6693e+01 5.4001e-13
   576 6.8016e-03 5.6193e+01    1.4469e-02 2.6416e+01 4.8317e-13
   528 5.3644e-03 5.4880e+01    1.0122e-02 2.9085e+01 4.2633e-13
   480 3.9364e-03 5.6189e+01    7.9009e-03 2.7995e+01 3.1264e-13
   432 2.8329e-03 5.6919e+01    5.5541e-03 2.9031e+01 2.7001e-13
   384 1.9681e-03 5.7542e+01    4.5491e-03 2.4894e+01 2.2737e-13
   336 1.3187e-03 5.7533e+01    2.5832e-03 2.9369e+01 1.7053e-13
   288 8.5100e-04 5.6141e+01    1.6264e-03 2.9376e+01 9.9476e-14
   240 5.4081e-04 5.1123e+01    1.1348e-03 2.4364e+01 4.2633e-14
   192 2.6223e-04 5.3982e+01    4.8092e-04 2.9435e+01 2.8422e-14
   144 1.1608e-04 5.1447e+01    1.9662e-04 3.0373e+01 2.8422e-14
    96 4.0134e-05 4.4089e+01    5.8315e-05 3.0343e+01 1.0658e-14
    48 8.5650e-06 2.5824e+01    6.7760e-06 3.2642e+01 5.3291e-15
];

% Maximum difference between reference and your implementation: 2.160050e-12.
