% number of repeats:% 3
% enter first, last, inc:% 48 480 48 
data = [
%  n          reference      |         current implementation 
%        time       GFLOPS   |    time       GFLOPS     diff 
   480 4.1307e-03 5.3547e+01    2.6031e-02 8.4970e+00 3.5527e-13
   432 2.7909e-03 5.7774e+01    1.7956e-02 8.9797e+00 3.1264e-13
   384 1.9966e-03 5.6719e+01    1.3140e-02 8.6181e+00 1.9895e-13
   336 1.3394e-03 5.6643e+01    8.3251e-03 9.1130e+00 1.7053e-13
   288 8.6266e-04 5.5382e+01    5.0868e-03 9.3920e+00 1.1369e-13
   240 4.9024e-04 5.6397e+01    2.9212e-03 9.4646e+00 4.2633e-14
   192 2.6098e-04 5.4241e+01    1.4187e-03 9.9780e+00 2.8422e-14
   144 1.1654e-04 5.1243e+01    5.4314e-04 1.0995e+01 2.8422e-14
    96 4.0331e-05 4.3874e+01    1.4868e-04 1.1901e+01 1.4211e-14
    48 8.6850e-06 2.5467e+01    1.7555e-05 1.2599e+01 7.1054e-15
];

% Maximum difference between reference and your implementation: 3.552714e-13.
