% number of repeats:% 3
% enter first, last, inc:% 48 1488 48 
data = [
%  n          reference      |         current implementation 
%        time       GFLOPS   |    time       GFLOPS     diff 
  1488 1.1166e-01 5.9014e+01    7.4047e-01 8.8987e+00 2.1600e-12
  1440 1.0222e-01 5.8424e+01    6.4506e-01 9.2581e+00 2.1032e-12
  1392 9.2697e-02 5.8194e+01    5.7570e-01 9.3702e+00 1.9327e-12
  1344 8.4520e-02 5.7447e+01    5.3751e-01 9.0332e+00 1.7621e-12
  1296 7.6159e-02 5.7164e+01    4.6195e-01 9.4244e+00 1.8758e-12
  1248 6.6319e-02 5.8618e+01    4.1847e-01 9.2900e+00 1.5916e-12
  1200 5.9041e-02 5.8535e+01    3.6420e-01 9.4894e+00 1.5348e-12
  1152 5.2856e-02 5.7848e+01    3.6026e-01 8.4874e+00 1.4211e-12
  1104 4.6407e-02 5.7990e+01    2.9463e-01 9.1339e+00 1.3074e-12
  1056 4.0988e-02 5.7460e+01    2.5617e-01 9.1938e+00 1.1937e-12
  1008 3.5420e-02 5.7831e+01    2.2306e-01 9.1832e+00 1.0232e-12
   960 3.0298e-02 5.8402e+01    1.9598e-01 9.0289e+00 9.9476e-13
   912 2.5911e-02 5.8551e+01    1.6035e-01 9.4611e+00 1.0800e-12
   864 2.2139e-02 5.8265e+01    1.3774e-01 9.3649e+00 8.5265e-13
   816 1.8844e-02 5.7667e+01    1.1587e-01 9.3787e+00 7.9581e-13
   768 1.5540e-02 5.8300e+01    1.2096e-01 7.4898e+00 7.3896e-13
   720 1.2818e-02 5.8237e+01    7.8607e-02 9.4966e+00 6.8212e-13
   672 1.0628e-02 5.7107e+01    6.4975e-02 9.3410e+00 5.9686e-13
   624 8.4282e-03 5.7657e+01    5.1212e-02 9.4888e+00 5.4001e-13
   576 6.5330e-03 5.8504e+01    4.2916e-02 8.9059e+00 4.8317e-13
   528 5.0970e-03 5.7759e+01    3.1110e-02 9.4631e+00 4.2633e-13
   480 3.7609e-03 5.8812e+01    2.2949e-02 9.6382e+00 3.1264e-13
   432 2.7297e-03 5.9070e+01    1.6273e-02 9.9085e+00 2.7001e-13
   384 1.9042e-03 5.9470e+01    1.2097e-02 9.3613e+00 2.2737e-13
   336 1.2821e-03 5.9172e+01    7.4817e-03 1.0140e+01 1.7053e-13
   288 8.3117e-04 5.7480e+01    4.6980e-03 1.0169e+01 1.1369e-13
   240 4.7553e-04 5.8141e+01    2.7305e-03 1.0126e+01 4.2633e-14
   192 2.5221e-04 5.6126e+01    1.3805e-03 1.0254e+01 3.5527e-14
   144 1.1304e-04 5.2831e+01    5.6063e-04 1.0652e+01 2.8422e-14
    96 3.9366e-05 4.4949e+01    1.5803e-04 1.1197e+01 1.4211e-14
    48 8.5480e-06 2.5876e+01    1.8586e-05 1.1901e+01 7.1054e-15
];

% Maximum difference between reference and your implementation: 2.160050e-12.
