% number of repeats:% 3
% enter first, last, inc:% 48 1488 48 
data = [
%  n          reference      |         current implementation 
%        time       GFLOPS   |    time       GFLOPS     diff 
  1488 1.1160e-01 5.9042e+01    8.4338e-01 7.8130e+00 2.1600e-12
  1440 1.0268e-01 5.8161e+01    7.1368e-01 8.3679e+00 2.1032e-12
  1392 9.2606e-02 5.8252e+01    6.4227e-01 8.3990e+00 1.9327e-12
  1344 8.4062e-02 5.7760e+01    5.1738e-01 9.3846e+00 1.7621e-12
  1296 7.5617e-02 5.7574e+01    4.9903e-01 8.7240e+00 1.8190e-12
  1248 6.6136e-02 5.8781e+01    4.0383e-01 9.6265e+00 1.6485e-12
  1200 5.8873e-02 5.8702e+01    3.5763e-01 9.6636e+00 1.5348e-12
  1152 5.2559e-02 5.8176e+01    2.7022e-01 1.1316e+01 1.3642e-12
  1104 5.9398e-02 4.5307e+01    2.1242e-01 1.2669e+01 1.2506e-12
  1056 4.0382e-02 5.8322e+01    1.7660e-01 1.3336e+01 1.1937e-12
  1008 3.5887e-02 5.7079e+01    1.4344e-01 1.4280e+01 1.0232e-12
   960 3.0432e-02 5.8145e+01    1.2111e-01 1.4610e+01 1.0232e-12
   912 2.8571e-02 5.3100e+01    9.7215e-02 1.5606e+01 1.0800e-12
   864 2.2771e-02 5.6649e+01    8.7035e-02 1.4821e+01 8.5265e-13
   816 1.8955e-02 5.7331e+01    6.1743e-02 1.7600e+01 8.2423e-13
   768 1.6219e-02 5.5860e+01    6.1462e-02 1.4740e+01 7.1054e-13
   720 1.2991e-02 5.7464e+01    3.7319e-02 2.0003e+01 6.8212e-13
   672 1.0682e-02 5.6819e+01    3.0946e-02 1.9613e+01 5.6843e-13
   624 8.5116e-03 5.7092e+01    2.3459e-02 2.0715e+01 5.4001e-13
   576 6.6478e-03 5.7493e+01    2.1401e-02 1.7859e+01 4.8317e-13
   528 5.1385e-03 5.7293e+01    1.3791e-02 2.1347e+01 4.2633e-13
   480 3.7911e-03 5.8343e+01    1.0648e-02 2.0772e+01 3.1264e-13
   432 2.7373e-03 5.8907e+01    7.3752e-03 2.1863e+01 2.7001e-13
   384 1.9410e-03 5.8345e+01    6.8298e-03 1.6581e+01 2.2737e-13
   336 1.3140e-03 5.7736e+01    3.2917e-03 2.3048e+01 1.7053e-13
   288 8.5642e-04 5.5785e+01    2.0613e-03 2.3177e+01 9.9476e-14
   240 4.8778e-04 5.6682e+01    1.1625e-03 2.3784e+01 4.2633e-14
   192 2.5839e-04 5.4784e+01    6.0174e-04 2.3525e+01 2.8422e-14
   144 1.1537e-04 5.1762e+01    2.0022e-04 2.9828e+01 2.8422e-14
    96 4.0100e-05 4.4126e+01    5.8685e-05 3.0152e+01 1.0658e-14
    48 8.6740e-06 2.5500e+01    6.6290e-06 3.3366e+01 5.3291e-15
];

% Maximum difference between reference and your implementation: 2.160050e-12.
