% number of repeats:% 3
% enter first, last, inc:% 48 480 48 
data = [
%  n          reference      |         current implementation 
%        time       GFLOPS   |    time       GFLOPS     diff 
   480 4.0258e-03 5.4941e+01    1.7818e-01 1.2414e+00 3.5527e-13
   432 2.8155e-03 5.7269e+01    1.0576e-01 1.5246e+00 3.1264e-13
   384 2.0213e-03 5.6026e+01    1.8850e-01 6.0078e-01 1.9895e-13
   336 1.3682e-03 5.5449e+01    4.9227e-02 1.5412e+00 1.7053e-13
   288 8.7996e-04 5.4293e+01    3.3812e-02 1.4130e+00 1.1369e-13
   240 5.0390e-04 5.4868e+01    1.4525e-02 1.9035e+00 4.2633e-14
   192 2.6898e-04 5.2627e+01    1.5259e-02 9.2769e-01 2.8422e-14
   144 1.2012e-04 4.9719e+01    2.2293e-03 2.6788e+00 2.8422e-14
    96 4.1308e-05 4.2836e+01    6.7612e-04 2.6171e+00 1.4211e-14
    48 8.8130e-06 2.5097e+01    5.3392e-05 4.1426e+00 7.1054e-15
];

% Maximum difference between reference and your implementation: 3.552714e-13.
