% number of repeats:% 3
% enter first, last, inc:% 48 480 48 
data = [
%  n          reference      |         current implementation 
%        time       GFLOPS   |    time       GFLOPS     diff 
   480 4.0494e-03 5.4621e+01    1.7784e-01 1.2437e+00 3.5527e-13
   432 2.9085e-03 5.5439e+01    1.0801e-01 1.4929e+00 3.1264e-13
   384 1.9942e-03 5.6787e+01    1.8637e-01 6.0764e-01 1.9895e-13
   336 1.3422e-03 5.6525e+01    5.0034e-02 1.5163e+00 1.7053e-13
   288 8.7313e-04 5.4718e+01    3.4520e-02 1.3840e+00 1.1369e-13
   240 5.0065e-04 5.5224e+01    1.4861e-02 1.8604e+00 4.2633e-14
   192 2.6267e-04 5.3892e+01    1.0863e-02 1.3031e+00 2.8422e-14
   144 1.1634e-04 5.1334e+01    2.2761e-03 2.6237e+00 2.8422e-14
    96 4.0757e-05 4.3415e+01    7.2102e-04 2.4541e+00 1.4211e-14
    48 8.6840e-06 2.5470e+01    5.3226e-05 4.1556e+00 7.1054e-15
];

% Maximum difference between reference and your implementation: 3.552714e-13.
