% number of repeats:% 3
% enter first, last, inc:% 48 480 48 
data = [
%  n          reference      |         current implementation 
%        time       GFLOPS   |    time       GFLOPS     diff 
   480 3.9413e-03 5.6120e+01    1.1180e-01 1.9783e+00 3.5527e-13
   432 2.8723e-03 5.6137e+01    7.8855e-02 2.0448e+00 3.1264e-13
   384 2.0051e-03 5.6478e+01    6.2851e-02 1.8018e+00 1.9895e-13
   336 1.3725e-03 5.5275e+01    3.5659e-02 2.1276e+00 1.7053e-13
   288 8.7375e-04 5.4679e+01    2.2514e-02 2.1221e+00 1.1369e-13
   240 4.9316e-04 5.6063e+01    1.2668e-02 2.1825e+00 4.2633e-14
   192 2.6121e-04 5.4192e+01    6.6481e-03 2.1293e+00 2.8422e-14
   144 1.1948e-04 4.9983e+01    2.5456e-03 2.3460e+00 2.8422e-14
    96 4.0300e-05 4.3907e+01    7.3333e-04 2.4129e+00 1.4211e-14
    48 8.7130e-06 2.5386e+01    6.9298e-05 3.1918e+00 7.1054e-15
];

% Maximum difference between reference and your implementation: 3.552714e-13.
