% number of repeats:% 3
% enter first, last, inc:% 48 1488 48 
data = [
%  n          reference      |         current implementation 
%        time       GFLOPS   |    time       GFLOPS     diff 
  1488 1.1013e-01 5.9832e+01    7.2764e-01 9.0557e+00 2.1600e-12
  1440 1.0169e-01 5.8727e+01    6.4266e-01 9.2926e+00 2.1032e-12
  1392 9.3953e-02 5.7417e+01    5.9728e-01 9.0316e+00 1.9327e-12
  1344 8.5386e-02 5.6864e+01    4.7677e-01 1.0184e+01 1.7621e-12
  1296 7.6999e-02 5.6541e+01    4.5250e-01 9.6212e+00 1.8190e-12
  1248 6.7167e-02 5.7878e+01    3.6475e-01 1.0658e+01 1.6485e-12
  1200 5.9417e-02 5.8166e+01    3.1042e-01 1.1133e+01 1.5348e-12
  1152 5.3339e-02 5.7325e+01    2.0699e-01 1.4772e+01 1.3642e-12
  1104 4.6842e-02 5.7451e+01    1.9597e-01 1.3732e+01 1.2506e-12
  1056 4.1435e-02 5.6840e+01    1.5276e-01 1.5417e+01 1.1937e-12
  1008 3.5547e-02 5.7624e+01    1.1711e-01 1.7490e+01 1.0232e-12
   960 3.0758e-02 5.7528e+01    8.9959e-02 1.9670e+01 1.0232e-12
   912 2.6399e-02 5.7469e+01    6.7660e-02 2.2422e+01 1.0800e-12
   864 2.2580e-02 5.7128e+01    5.4521e-02 2.3660e+01 8.5265e-13
   816 1.9123e-02 5.6827e+01    4.3163e-02 2.5176e+01 8.2423e-13
   768 1.5752e-02 5.7513e+01    4.1983e-02 2.1579e+01 7.1054e-13
   720 1.2976e-02 5.7529e+01    2.7996e-02 2.6664e+01 6.8212e-13
   672 1.0619e-02 5.7153e+01    2.3079e-02 2.6298e+01 5.6843e-13
   624 8.4930e-03 5.7217e+01    1.7674e-02 2.7495e+01 5.4001e-13
   576 6.8301e-03 5.5959e+01    1.5715e-02 2.4321e+01 4.8317e-13
   528 5.3342e-03 5.5190e+01    1.0256e-02 2.8705e+01 4.2633e-13
   480 3.7448e-03 5.9065e+01    7.8505e-03 2.8175e+01 3.1264e-13
   432 2.8430e-03 5.6716e+01    5.4388e-03 2.9647e+01 2.7001e-13
   384 1.9360e-03 5.8495e+01    4.8508e-03 2.3346e+01 2.2737e-13
   336 1.3402e-03 5.6608e+01    2.4586e-03 3.0857e+01 1.7053e-13
   288 8.4484e-04 5.6550e+01    1.5478e-03 3.0867e+01 9.9476e-14
   240 4.8409e-04 5.7113e+01    8.8947e-04 3.1084e+01 4.2633e-14
   192 2.5555e-04 5.5392e+01    4.2470e-04 3.3331e+01 2.8422e-14
   144 1.1456e-04 5.2131e+01    1.4053e-04 4.2495e+01 2.8422e-14
    96 3.9711e-05 4.4559e+01    4.0899e-05 4.3264e+01 1.0658e-14
    48 8.5220e-06 2.5954e+01    4.3210e-06 5.1188e+01 5.3291e-15
];

% Maximum difference between reference and your implementation: 2.160050e-12.
