% number of repeats:% 3
% enter first, last, inc:% 48 1488 48 
data = [
%  n          reference      |         current implementation 
%        time       GFLOPS   |    time       GFLOPS     diff 
  1488 1.1512e-01 5.7239e+01    5.7978e-01 1.1365e+01 2.1600e-12
  1440 1.0487e-01 5.6947e+01    5.2230e-01 1.1434e+01 2.1032e-12
  1392 9.5128e-02 5.6707e+01    4.5809e-01 1.1776e+01 1.9327e-12
  1344 8.6298e-02 5.6264e+01    4.0009e-01 1.2136e+01 1.7621e-12
  1296 7.8027e-02 5.5796e+01    3.3770e-01 1.2892e+01 1.8190e-12
  1248 6.7948e-02 5.7214e+01    2.9077e-01 1.3370e+01 1.6485e-12
  1200 6.1418e-02 5.6270e+01    2.3412e-01 1.4761e+01 1.5348e-12
  1152 5.3711e-02 5.6928e+01    1.9418e-01 1.5747e+01 1.3642e-12
  1104 4.6971e-02 5.7293e+01    1.5775e-01 1.7059e+01 1.2506e-12
  1056 4.1944e-02 5.6150e+01    1.2793e-01 1.8410e+01 1.1937e-12
  1008 3.5717e-02 5.7350e+01    1.0222e-01 2.0038e+01 1.0232e-12
   960 3.1031e-02 5.7022e+01    8.8846e-02 1.9916e+01 1.0232e-12
   912 2.6526e-02 5.7193e+01    6.7586e-02 2.2447e+01 1.0800e-12
   864 2.2469e-02 5.7409e+01    5.6726e-02 2.2740e+01 8.5265e-13
   816 1.9128e-02 5.6812e+01    4.4083e-02 2.4651e+01 8.2423e-13
   768 1.5730e-02 5.7594e+01    4.1166e-02 2.2007e+01 7.1054e-13
   720 1.3086e-02 5.7045e+01    2.8508e-02 2.6186e+01 6.8212e-13
   672 1.0629e-02 5.7101e+01    2.3231e-02 2.6126e+01 5.6843e-13
   624 8.5974e-03 5.6522e+01    1.7669e-02 2.7503e+01 5.4001e-13
   576 7.0125e-03 5.4504e+01    1.6071e-02 2.3783e+01 4.8317e-13
   528 5.1882e-03 5.6743e+01    1.0779e-02 2.7312e+01 4.2633e-13
   480 3.9156e-03 5.6487e+01    7.4636e-03 2.9635e+01 3.1264e-13
   432 2.7131e-03 5.9431e+01    5.1836e-03 3.1107e+01 2.7001e-13
   384 1.9576e-03 5.7849e+01    4.9110e-03 2.3060e+01 2.2737e-13
   336 1.3166e-03 5.7625e+01    2.3573e-03 3.2184e+01 1.7053e-13
   288 8.4907e-04 5.6268e+01    1.4875e-03 3.2117e+01 9.9476e-14
   240 4.8717e-04 5.6752e+01    8.4611e-04 3.2677e+01 4.2633e-14
   192 2.5718e-04 5.5042e+01    4.0299e-04 3.5127e+01 2.8422e-14
   144 1.1509e-04 5.1890e+01    1.3066e-04 4.5706e+01 2.8422e-14
    96 4.0063e-05 4.4167e+01    3.8857e-05 4.5538e+01 1.0658e-14
    48 8.6040e-06 2.5707e+01    4.7240e-06 4.6821e+01 5.3291e-15
];

% Maximum difference between reference and your implementation: 2.160050e-12.
