% number of repeats:% 3
% enter first, last, inc:% 48 1488 48 
data = [
%  n          reference      |         current implementation 
%        time       GFLOPS   |    time       GFLOPS     diff 
  1488 1.0923e-01 6.0327e+01    1.1461e+00 5.7494e+00 2.1600e-12
  1440 1.0153e-01 5.8820e+01    1.0314e+00 5.7902e+00 2.1032e-12
  1392 9.1914e-02 5.8690e+01    9.1721e-01 5.8814e+00 1.9327e-12
  1344 8.7648e-02 5.5397e+01    8.3268e-01 5.8311e+00 1.7621e-12
  1296 7.4552e-02 5.8396e+01    7.4539e-01 5.8406e+00 1.8758e-12
  1248 6.7450e-02 5.7636e+01    6.3034e-01 6.1673e+00 1.5916e-12
  1200 5.8464e-02 5.9113e+01    5.3287e-01 6.4856e+00 1.5348e-12
  1152 5.2121e-02 5.8664e+01    4.5096e-01 6.7803e+00 1.4211e-12
  1104 4.6446e-02 5.7942e+01    3.7986e-01 7.0847e+00 1.3074e-12
  1056 4.0412e-02 5.8279e+01    3.2049e-01 7.3487e+00 1.1937e-12
  1008 3.4707e-02 5.9019e+01    2.6299e-01 7.7888e+00 1.0232e-12
   960 3.0082e-02 5.8822e+01    2.1656e-01 8.1707e+00 9.9476e-13
   912 2.5919e-02 5.8532e+01    1.7342e-01 8.7483e+00 1.0800e-12
   864 2.1887e-02 5.8937e+01    1.4258e-01 9.0474e+00 8.5265e-13
   816 1.8712e-02 5.8073e+01    1.1994e-01 9.0604e+00 7.9581e-13
   768 1.5295e-02 5.9234e+01    1.0674e-01 8.4875e+00 7.3896e-13
   720 1.2826e-02 5.8202e+01    8.4185e-02 8.8673e+00 6.8212e-13
   672 1.0772e-02 5.6341e+01    6.7543e-02 8.9858e+00 5.9686e-13
   624 8.4248e-03 5.7680e+01    5.3619e-02 9.0629e+00 5.4001e-13
   576 6.7506e-03 5.6618e+01    4.2384e-02 9.0176e+00 4.8317e-13
   528 5.0882e-03 5.7858e+01    3.2089e-02 9.1744e+00 4.2633e-13
   480 3.7116e-03 5.9592e+01    2.4405e-02 9.0629e+00 3.1264e-13
   432 2.7167e-03 5.9352e+01    1.7482e-02 9.2233e+00 2.7001e-13
   384 1.8750e-03 6.0400e+01    1.2589e-02 8.9953e+00 2.2737e-13
   336 1.3201e-03 5.7471e+01    8.1557e-03 9.3022e+00 1.7053e-13
   288 8.2627e-04 5.7821e+01    5.0736e-03 9.4166e+00 1.1369e-13
   240 4.7290e-04 5.8465e+01    2.8736e-03 9.6213e+00 4.2633e-14
   192 2.5023e-04 5.6570e+01    1.4106e-03 1.0035e+01 3.5527e-14
   144 1.1152e-04 5.3552e+01    5.5768e-04 1.0709e+01 2.8422e-14
    96 3.8628e-05 4.5808e+01    1.6126e-04 1.0973e+01 1.4211e-14
    48 8.2490e-06 2.6813e+01    1.9081e-05 1.1592e+01 7.1054e-15
];

% Maximum difference between reference and your implementation: 2.160050e-12.
