% number of repeats:% 3
% enter first, last, inc:% 48 480 48 
data = [
%  n          reference      |         current implementation 
%        time       GFLOPS   |    time       GFLOPS     diff 
   480 3.9277e-03 5.6314e+01    2.4813e-02 8.9140e+00 3.5527e-13
   432 2.7432e-03 5.8780e+01    1.8109e-02 8.9041e+00 3.1264e-13
   384 1.9523e-03 5.8007e+01    1.2880e-02 8.7922e+00 1.9895e-13
   336 1.3238e-03 5.7311e+01    8.5434e-03 8.8801e+00 1.7053e-13
   288 8.5266e-04 5.6031e+01    5.3656e-03 8.9040e+00 1.1369e-13
   240 4.8986e-04 5.6440e+01    3.0968e-03 8.9280e+00 4.2633e-14
   192 2.5894e-04 5.4669e+01    1.5286e-03 9.2605e+00 2.8422e-14
   144 1.1583e-04 5.1558e+01    5.7051e-04 1.0468e+01 2.8422e-14
    96 4.0028e-05 4.4206e+01    1.5551e-04 1.1378e+01 1.4211e-14
    48 8.5930e-06 2.5740e+01    1.8372e-05 1.2039e+01 7.1054e-15
];

% Maximum difference between reference and your implementation: 3.552714e-13.
