% number of repeats:% 3
% enter first, last, inc:% 48 1488 48 
data = [
%  n          reference      |         current implementation 
%        time       GFLOPS   |    time       GFLOPS     diff 
  1488 1.0986e-01 5.9979e+01    6.8951e-01 9.5564e+00 2.1600e-12
  1440 9.8566e-02 6.0588e+01    6.6244e-01 9.0151e+00 2.1032e-12
  1392 9.3074e-02 5.7959e+01    6.1634e-01 8.7524e+00 1.9327e-12
  1344 8.4751e-02 5.7290e+01    5.8528e-01 8.2958e+00 1.7621e-12
  1296 7.7899e-02 5.5887e+01    5.0194e-01 8.6735e+00 1.8758e-12
  1248 7.1116e-02 5.4665e+01    4.3326e-01 8.9727e+00 1.5916e-12
  1200 5.6313e-02 6.1371e+01    3.9658e-01 8.7146e+00 1.5348e-12
  1152 5.2971e-02 5.7723e+01    3.7809e-01 8.0871e+00 1.4211e-12
  1104 4.6223e-02 5.8221e+01    3.0998e-01 8.6818e+00 1.3074e-12
  1056 4.1790e-02 5.6357e+01    2.7332e-01 8.6170e+00 1.1937e-12
  1008 3.4639e-02 5.9135e+01    2.3605e-01 8.6777e+00 1.0232e-12
   960 3.2537e-02 5.4383e+01    2.0804e-01 8.5056e+00 9.9476e-13
   912 2.7426e-02 5.5316e+01    1.7413e-01 8.7123e+00 1.0800e-12
   864 2.2872e-02 5.6397e+01    1.4421e-01 8.9452e+00 8.5265e-13
   816 1.8447e-02 5.8907e+01    1.2066e-01 9.0062e+00 7.9581e-13
   768 1.5478e-02 5.8532e+01    1.2277e-01 7.3794e+00 7.3896e-13
   720 1.2490e-02 5.9769e+01    8.2441e-02 9.0549e+00 6.8212e-13
   672 1.0326e-02 5.8774e+01    6.7092e-02 9.0463e+00 5.9686e-13
   624 8.1179e-03 5.9860e+01    5.3357e-02 9.1073e+00 5.4001e-13
   576 6.7514e-03 5.6612e+01    4.7230e-02 8.0925e+00 4.8317e-13
   528 5.2755e-03 5.5804e+01    3.4026e-02 8.6521e+00 4.2633e-13
   480 3.7303e-03 5.9295e+01    2.4012e-02 9.2115e+00 3.1264e-13
   432 2.7561e-03 5.8504e+01    1.9188e-02 8.4033e+00 2.7001e-13
   384 2.0256e-03 5.5907e+01    1.3263e-02 8.5383e+00 2.2737e-13
   336 1.4048e-03 5.4006e+01    8.4821e-03 8.9443e+00 1.7053e-13
   288 8.4772e-04 5.6358e+01    5.0599e-03 9.4420e+00 1.1369e-13
   240 4.9799e-04 5.5519e+01    2.8834e-03 9.5887e+00 4.2633e-14
   192 2.5686e-04 5.5110e+01    1.4734e-03 9.6077e+00 3.5527e-14
   144 1.1531e-04 5.1792e+01    6.0108e-04 9.9354e+00 2.8422e-14
    96 6.1573e-05 2.8738e+01    2.5201e-04 7.0215e+00 1.4211e-14
    48 1.2989e-05 1.7029e+01    2.0909e-05 1.0578e+01 7.1054e-15
];

% Maximum difference between reference and your implementation: 2.160050e-12.
